{
 "cells": [
  {
   "cell_type": "code",
   "execution_count": 32,
   "id": "f8a7d20a-011b-44d0-b4c5-0010c61f191a",
   "metadata": {
    "scrolled": true
   },
   "outputs": [
    {
     "name": "stderr",
     "output_type": "stream",
     "text": [
      "C:\\Users\\User\\AppData\\Local\\Temp\\ipykernel_13092\\3716786224.py:75: SettingWithCopyWarning: \n",
      "A value is trying to be set on a copy of a slice from a DataFrame.\n",
      "Try using .loc[row_indexer,col_indexer] = value instead\n",
      "\n",
      "See the caveats in the documentation: https://pandas.pydata.org/pandas-docs/stable/user_guide/indexing.html#returning-a-view-versus-a-copy\n",
      "  prepared_df['rsi'] = prepared_df['rsi'].shift()\n",
      "C:\\Users\\User\\AppData\\Local\\Temp\\ipykernel_13092\\3716786224.py:76: SettingWithCopyWarning: \n",
      "A value is trying to be set on a copy of a slice from a DataFrame.\n",
      "Try using .loc[row_indexer,col_indexer] = value instead\n",
      "\n",
      "See the caveats in the documentation: https://pandas.pydata.org/pandas-docs/stable/user_guide/indexing.html#returning-a-view-versus-a-copy\n",
      "  prepared_df['SMA_delta'] = prepared_df['SMA_delta'].shift()\n",
      "C:\\Users\\User\\AppData\\Local\\Temp\\ipykernel_13092\\3716786224.py:77: SettingWithCopyWarning: \n",
      "A value is trying to be set on a copy of a slice from a DataFrame.\n",
      "Try using .loc[row_indexer,col_indexer] = value instead\n",
      "\n",
      "See the caveats in the documentation: https://pandas.pydata.org/pandas-docs/stable/user_guide/indexing.html#returning-a-view-versus-a-copy\n",
      "  prepared_df['sma_10'] = prepared_df['sma_10'].shift()\n"
     ]
    },
    {
     "data": {
      "text/html": [
       "<div>\n",
       "<style scoped>\n",
       "    .dataframe tbody tr th:only-of-type {\n",
       "        vertical-align: middle;\n",
       "    }\n",
       "\n",
       "    .dataframe tbody tr th {\n",
       "        vertical-align: top;\n",
       "    }\n",
       "\n",
       "    .dataframe thead th {\n",
       "        text-align: right;\n",
       "    }\n",
       "</style>\n",
       "<table border=\"1\" class=\"dataframe\">\n",
       "  <thead>\n",
       "    <tr style=\"text-align: right;\">\n",
       "      <th></th>\n",
       "      <th>open</th>\n",
       "      <th>high</th>\n",
       "      <th>low</th>\n",
       "      <th>close</th>\n",
       "      <th>atr</th>\n",
       "      <th>returns</th>\n",
       "      <th>dynamic_range</th>\n",
       "      <th>target</th>\n",
       "      <th>range_pct</th>\n",
       "      <th>body_pct</th>\n",
       "      <th>sma_10</th>\n",
       "      <th>rsi</th>\n",
       "      <th>rev</th>\n",
       "      <th>mom</th>\n",
       "      <th>SMA_delta</th>\n",
       "    </tr>\n",
       "  </thead>\n",
       "  <tbody>\n",
       "    <tr>\n",
       "      <th>200</th>\n",
       "      <td>53.30</td>\n",
       "      <td>53.50</td>\n",
       "      <td>53.20</td>\n",
       "      <td>53.30</td>\n",
       "      <td>0.234309</td>\n",
       "      <td>1.001880</td>\n",
       "      <td>0.008792</td>\n",
       "      <td>-1</td>\n",
       "      <td>0.005639</td>\n",
       "      <td>-0.005607</td>\n",
       "      <td>53.640</td>\n",
       "      <td>30.769231</td>\n",
       "      <td>-0.001878</td>\n",
       "      <td>-0.005623</td>\n",
       "      <td>-1.20850</td>\n",
       "    </tr>\n",
       "    <tr>\n",
       "      <th>201</th>\n",
       "      <td>53.30</td>\n",
       "      <td>53.40</td>\n",
       "      <td>53.30</td>\n",
       "      <td>53.30</td>\n",
       "      <td>0.229734</td>\n",
       "      <td>1.000000</td>\n",
       "      <td>0.008620</td>\n",
       "      <td>-1</td>\n",
       "      <td>0.005629</td>\n",
       "      <td>0.000000</td>\n",
       "      <td>53.590</td>\n",
       "      <td>35.714286</td>\n",
       "      <td>-0.000000</td>\n",
       "      <td>0.000000</td>\n",
       "      <td>-1.19000</td>\n",
       "    </tr>\n",
       "    <tr>\n",
       "      <th>202</th>\n",
       "      <td>53.30</td>\n",
       "      <td>53.40</td>\n",
       "      <td>53.20</td>\n",
       "      <td>53.40</td>\n",
       "      <td>0.212436</td>\n",
       "      <td>1.001876</td>\n",
       "      <td>0.007956</td>\n",
       "      <td>-1</td>\n",
       "      <td>0.001876</td>\n",
       "      <td>0.000000</td>\n",
       "      <td>53.550</td>\n",
       "      <td>35.714286</td>\n",
       "      <td>-0.000000</td>\n",
       "      <td>0.000000</td>\n",
       "      <td>-1.17150</td>\n",
       "    </tr>\n",
       "    <tr>\n",
       "      <th>203</th>\n",
       "      <td>53.30</td>\n",
       "      <td>53.40</td>\n",
       "      <td>52.90</td>\n",
       "      <td>53.00</td>\n",
       "      <td>0.210778</td>\n",
       "      <td>0.992509</td>\n",
       "      <td>0.007954</td>\n",
       "      <td>1</td>\n",
       "      <td>0.003745</td>\n",
       "      <td>0.001876</td>\n",
       "      <td>53.520</td>\n",
       "      <td>42.857143</td>\n",
       "      <td>0.001874</td>\n",
       "      <td>0.001874</td>\n",
       "      <td>-1.15700</td>\n",
       "    </tr>\n",
       "    <tr>\n",
       "      <th>204</th>\n",
       "      <td>52.90</td>\n",
       "      <td>53.10</td>\n",
       "      <td>52.90</td>\n",
       "      <td>53.00</td>\n",
       "      <td>0.209341</td>\n",
       "      <td>1.000000</td>\n",
       "      <td>0.007900</td>\n",
       "      <td>1</td>\n",
       "      <td>0.009434</td>\n",
       "      <td>-0.005629</td>\n",
       "      <td>53.450</td>\n",
       "      <td>29.411765</td>\n",
       "      <td>0.001889</td>\n",
       "      <td>-0.005644</td>\n",
       "      <td>-1.12900</td>\n",
       "    </tr>\n",
       "    <tr>\n",
       "      <th>...</th>\n",
       "      <td>...</td>\n",
       "      <td>...</td>\n",
       "      <td>...</td>\n",
       "      <td>...</td>\n",
       "      <td>...</td>\n",
       "      <td>...</td>\n",
       "      <td>...</td>\n",
       "      <td>...</td>\n",
       "      <td>...</td>\n",
       "      <td>...</td>\n",
       "      <td>...</td>\n",
       "      <td>...</td>\n",
       "      <td>...</td>\n",
       "      <td>...</td>\n",
       "      <td>...</td>\n",
       "    </tr>\n",
       "    <tr>\n",
       "      <th>34946</th>\n",
       "      <td>112.43</td>\n",
       "      <td>112.48</td>\n",
       "      <td>111.33</td>\n",
       "      <td>112.09</td>\n",
       "      <td>0.713212</td>\n",
       "      <td>0.997153</td>\n",
       "      <td>0.012726</td>\n",
       "      <td>1</td>\n",
       "      <td>0.005960</td>\n",
       "      <td>0.002944</td>\n",
       "      <td>112.395</td>\n",
       "      <td>49.453552</td>\n",
       "      <td>-0.000178</td>\n",
       "      <td>0.002940</td>\n",
       "      <td>1.04415</td>\n",
       "    </tr>\n",
       "    <tr>\n",
       "      <th>34947</th>\n",
       "      <td>112.08</td>\n",
       "      <td>112.95</td>\n",
       "      <td>112.02</td>\n",
       "      <td>112.45</td>\n",
       "      <td>0.834117</td>\n",
       "      <td>1.003212</td>\n",
       "      <td>0.014835</td>\n",
       "      <td>-1</td>\n",
       "      <td>0.010260</td>\n",
       "      <td>-0.003024</td>\n",
       "      <td>112.314</td>\n",
       "      <td>44.783715</td>\n",
       "      <td>0.000089</td>\n",
       "      <td>-0.003029</td>\n",
       "      <td>1.00110</td>\n",
       "    </tr>\n",
       "    <tr>\n",
       "      <th>34948</th>\n",
       "      <td>112.40</td>\n",
       "      <td>112.51</td>\n",
       "      <td>112.03</td>\n",
       "      <td>112.15</td>\n",
       "      <td>0.788235</td>\n",
       "      <td>0.997332</td>\n",
       "      <td>0.014057</td>\n",
       "      <td>-1</td>\n",
       "      <td>0.008270</td>\n",
       "      <td>0.003301</td>\n",
       "      <td>112.347</td>\n",
       "      <td>52.736318</td>\n",
       "      <td>0.000445</td>\n",
       "      <td>0.003296</td>\n",
       "      <td>0.92620</td>\n",
       "    </tr>\n",
       "    <tr>\n",
       "      <th>34949</th>\n",
       "      <td>112.10</td>\n",
       "      <td>112.33</td>\n",
       "      <td>111.49</td>\n",
       "      <td>111.50</td>\n",
       "      <td>0.753804</td>\n",
       "      <td>0.994204</td>\n",
       "      <td>0.013521</td>\n",
       "      <td>0</td>\n",
       "      <td>0.004280</td>\n",
       "      <td>-0.002224</td>\n",
       "      <td>112.325</td>\n",
       "      <td>53.132832</td>\n",
       "      <td>0.000446</td>\n",
       "      <td>-0.002227</td>\n",
       "      <td>0.85815</td>\n",
       "    </tr>\n",
       "    <tr>\n",
       "      <th>34950</th>\n",
       "      <td>111.53</td>\n",
       "      <td>111.66</td>\n",
       "      <td>110.90</td>\n",
       "      <td>111.02</td>\n",
       "      <td>0.715963</td>\n",
       "      <td>0.995695</td>\n",
       "      <td>0.012898</td>\n",
       "      <td>0</td>\n",
       "      <td>0.007534</td>\n",
       "      <td>-0.005352</td>\n",
       "      <td>112.227</td>\n",
       "      <td>39.568345</td>\n",
       "      <td>-0.000269</td>\n",
       "      <td>-0.005367</td>\n",
       "      <td>0.83045</td>\n",
       "    </tr>\n",
       "  </tbody>\n",
       "</table>\n",
       "<p>34751 rows × 15 columns</p>\n",
       "</div>"
      ],
      "text/plain": [
       "         open    high     low   close       atr   returns  dynamic_range  \\\n",
       "200     53.30   53.50   53.20   53.30  0.234309  1.001880       0.008792   \n",
       "201     53.30   53.40   53.30   53.30  0.229734  1.000000       0.008620   \n",
       "202     53.30   53.40   53.20   53.40  0.212436  1.001876       0.007956   \n",
       "203     53.30   53.40   52.90   53.00  0.210778  0.992509       0.007954   \n",
       "204     52.90   53.10   52.90   53.00  0.209341  1.000000       0.007900   \n",
       "...       ...     ...     ...     ...       ...       ...            ...   \n",
       "34946  112.43  112.48  111.33  112.09  0.713212  0.997153       0.012726   \n",
       "34947  112.08  112.95  112.02  112.45  0.834117  1.003212       0.014835   \n",
       "34948  112.40  112.51  112.03  112.15  0.788235  0.997332       0.014057   \n",
       "34949  112.10  112.33  111.49  111.50  0.753804  0.994204       0.013521   \n",
       "34950  111.53  111.66  110.90  111.02  0.715963  0.995695       0.012898   \n",
       "\n",
       "       target  range_pct  body_pct   sma_10        rsi       rev       mom  \\\n",
       "200        -1   0.005639 -0.005607   53.640  30.769231 -0.001878 -0.005623   \n",
       "201        -1   0.005629  0.000000   53.590  35.714286 -0.000000  0.000000   \n",
       "202        -1   0.001876  0.000000   53.550  35.714286 -0.000000  0.000000   \n",
       "203         1   0.003745  0.001876   53.520  42.857143  0.001874  0.001874   \n",
       "204         1   0.009434 -0.005629   53.450  29.411765  0.001889 -0.005644   \n",
       "...       ...        ...       ...      ...        ...       ...       ...   \n",
       "34946       1   0.005960  0.002944  112.395  49.453552 -0.000178  0.002940   \n",
       "34947      -1   0.010260 -0.003024  112.314  44.783715  0.000089 -0.003029   \n",
       "34948      -1   0.008270  0.003301  112.347  52.736318  0.000445  0.003296   \n",
       "34949       0   0.004280 -0.002224  112.325  53.132832  0.000446 -0.002227   \n",
       "34950       0   0.007534 -0.005352  112.227  39.568345 -0.000269 -0.005367   \n",
       "\n",
       "       SMA_delta  \n",
       "200     -1.20850  \n",
       "201     -1.19000  \n",
       "202     -1.17150  \n",
       "203     -1.15700  \n",
       "204     -1.12900  \n",
       "...          ...  \n",
       "34946    1.04415  \n",
       "34947    1.00110  \n",
       "34948    0.92620  \n",
       "34949    0.85815  \n",
       "34950    0.83045  \n",
       "\n",
       "[34751 rows x 15 columns]"
      ]
     },
     "execution_count": 32,
     "metadata": {},
     "output_type": "execute_result"
    }
   ],
   "source": [
    "import pandas as pd\n",
    "import numpy as np\n",
    "import vectorbt as vbt\n",
    "\n",
    "# Вычисление динамического интервала\n",
    "def calculate_dynamic_range(atr, current_price, min_range=0.0035, max_range=0.02):\n",
    "    atr_percent = atr / current_price\n",
    "    dynamic_range = np.clip(atr_percent * 2, min_range, max_range) # Здесь от множетеля зависит итоговое количество сигналов\n",
    "    return dynamic_range # значение от 0.0035 до 0.02\n",
    "\n",
    "def generate_targets(df, max_hold=10):\n",
    "    targets = []\n",
    "    for i in range(len(df)):\n",
    "        entry_price = df.iloc[i]['close']\n",
    "        dynamic_range = df.iloc[i]['dynamic_range']\n",
    "        result = 0\n",
    "        for j in range(1, max_hold+1):\n",
    "            if i+j >= len(df):\n",
    "                break\n",
    "            high = df.iloc[i+j]['high']\n",
    "            low = df.iloc[i+j]['low']\n",
    "            close = df.iloc[i+j]['close']\n",
    "\n",
    "            upper_breach = (high / entry_price - 1) >= dynamic_range / 2\n",
    "            lower_breach = (1 - low / entry_price) >= dynamic_range / 2\n",
    "\n",
    "            if upper_breach and lower_breach:\n",
    "                # Выбор по Close следующего бара, если Low ниже, а High выше закрытия предыдущего бара\n",
    "                if close > entry_price:\n",
    "                    result = 1\n",
    "                    break\n",
    "                else:\n",
    "                    result = -1\n",
    "                    break\n",
    "            elif upper_breach:\n",
    "                result = 1\n",
    "                break\n",
    "            elif lower_breach:\n",
    "                result = -1\n",
    "                break\n",
    "        targets.append(result)\n",
    "    return pd.Series(targets, index=df.index)\n",
    "\n",
    "def prepare_data(df, max_hold=10):\n",
    "    # Индикаторы\n",
    "    atr_indicator = vbt.ATR.run(df['close'], df['high'], df['low'], window=14)\n",
    "    sma_q = vbt.MA.run(df['close'], window=20)\n",
    "    sma_s = vbt.MA.run(df['close'], window=200)\n",
    "    df['atr'] = atr_indicator.atr.values  # Извлечение числового значения ATR\n",
    "    df['returns'] = df['close'] / df['close'].shift(1)\n",
    "    rsi_indicator = vbt.RSI.run(df['close'], window=14)\n",
    "    rsi = rsi_indicator.rsi.values\n",
    "    df['dynamic_range'] = df.apply(lambda x: calculate_dynamic_range(x['atr'], x['close']), axis=1)\n",
    "    \n",
    "    # Генерация целевой переменной\n",
    "    df['target'] = generate_targets(df, max_hold)\n",
    "    \n",
    "    # Фичи\n",
    "    df['range_pct'] = (df['high'].shift() - df['low'].shift()) / df['close'].shift()\n",
    "    df['body_pct'] = (df['close'].shift() - df['open'].shift()) / df['open'].shift()\n",
    "    df['sma_10'] = df['close'].rolling(10).mean()\n",
    "    df['rsi'] = rsi\n",
    "    df['rev'] = -np.log(df['open'] / df['close'].shift())\n",
    "    df['mom'] = np.log(df['close'].shift() / df['open'].shift())\n",
    "    df['SMA_delta'] = sma_s.ma - sma_q.ma\n",
    "    # Удаление NaN\n",
    "    df = df.dropna(subset=['target', 'atr', 'rsi', 'rev', 'mom', 'SMA_delta'])\n",
    "    \n",
    "    return df\n",
    "\n",
    "df = pd.read_csv('AAVE_USDT_15m_candles.csv', sep=';', index_col=0)\n",
    "df = df.sort_values('timestamp').reset_index(drop=True)\n",
    "prepared_df = prepare_data(df, max_hold=10)\n",
    "\n",
    "prepared_df['rsi'] = prepared_df['rsi'].shift()\n",
    "prepared_df['SMA_delta'] = prepared_df['SMA_delta'].shift()\n",
    "prepared_df['sma_10'] = prepared_df['sma_10'].shift()\n",
    "prepared_df = prepared_df.dropna(subset=['rsi', 'SMA_delta', 'sma_10'])\n",
    "prepared_df"
   ]
  },
  {
   "cell_type": "code",
   "execution_count": 33,
   "id": "d749d605-d0fa-4e78-84df-4e4fd196274b",
   "metadata": {},
   "outputs": [],
   "source": [
    "prepared_df.to_csv('AAVE_USDT.csv', sep=';')"
   ]
  },
  {
   "cell_type": "code",
   "execution_count": 6,
   "id": "31868fa5-25e3-4ff2-8d93-4008c701b1d2",
   "metadata": {
    "scrolled": true
   },
   "outputs": [
    {
     "data": {
      "text/html": [
       "<div>\n",
       "<style scoped>\n",
       "    .dataframe tbody tr th:only-of-type {\n",
       "        vertical-align: middle;\n",
       "    }\n",
       "\n",
       "    .dataframe tbody tr th {\n",
       "        vertical-align: top;\n",
       "    }\n",
       "\n",
       "    .dataframe thead th {\n",
       "        text-align: right;\n",
       "    }\n",
       "</style>\n",
       "<table border=\"1\" class=\"dataframe\">\n",
       "  <thead>\n",
       "    <tr style=\"text-align: right;\">\n",
       "      <th></th>\n",
       "      <th>open</th>\n",
       "      <th>high</th>\n",
       "      <th>low</th>\n",
       "      <th>close</th>\n",
       "      <th>atr</th>\n",
       "      <th>returns</th>\n",
       "      <th>dynamic_range</th>\n",
       "      <th>target</th>\n",
       "      <th>range_pct</th>\n",
       "      <th>body_pct</th>\n",
       "      <th>sma_10</th>\n",
       "      <th>rsi</th>\n",
       "      <th>rev</th>\n",
       "      <th>mom</th>\n",
       "      <th>SMA_delta</th>\n",
       "    </tr>\n",
       "  </thead>\n",
       "  <tbody>\n",
       "    <tr>\n",
       "      <th>open</th>\n",
       "      <td>1.000000</td>\n",
       "      <td>0.999793</td>\n",
       "      <td>0.999785</td>\n",
       "      <td>0.999684</td>\n",
       "      <td>0.606602</td>\n",
       "      <td>-0.009976</td>\n",
       "      <td>0.443416</td>\n",
       "      <td>-0.008853</td>\n",
       "      <td>0.232768</td>\n",
       "      <td>-0.009194</td>\n",
       "      <td>0.999370</td>\n",
       "      <td>0.046154</td>\n",
       "      <td>0.005693</td>\n",
       "      <td>0.014786</td>\n",
       "      <td>-0.177169</td>\n",
       "    </tr>\n",
       "    <tr>\n",
       "      <th>high</th>\n",
       "      <td>0.999793</td>\n",
       "      <td>1.000000</td>\n",
       "      <td>0.999637</td>\n",
       "      <td>0.999812</td>\n",
       "      <td>0.614079</td>\n",
       "      <td>0.002918</td>\n",
       "      <td>0.450120</td>\n",
       "      <td>-0.008653</td>\n",
       "      <td>0.244924</td>\n",
       "      <td>0.003892</td>\n",
       "      <td>0.999167</td>\n",
       "      <td>0.050159</td>\n",
       "      <td>0.006859</td>\n",
       "      <td>0.014957</td>\n",
       "      <td>-0.179543</td>\n",
       "    </tr>\n",
       "    <tr>\n",
       "      <th>low</th>\n",
       "      <td>0.999785</td>\n",
       "      <td>0.999637</td>\n",
       "      <td>1.000000</td>\n",
       "      <td>0.999831</td>\n",
       "      <td>0.601440</td>\n",
       "      <td>0.004025</td>\n",
       "      <td>0.438617</td>\n",
       "      <td>-0.009249</td>\n",
       "      <td>0.219407</td>\n",
       "      <td>0.004947</td>\n",
       "      <td>0.999186</td>\n",
       "      <td>0.049668</td>\n",
       "      <td>0.006466</td>\n",
       "      <td>0.015309</td>\n",
       "      <td>-0.175225</td>\n",
       "    </tr>\n",
       "    <tr>\n",
       "      <th>close</th>\n",
       "      <td>0.999684</td>\n",
       "      <td>0.999812</td>\n",
       "      <td>0.999831</td>\n",
       "      <td>1.000000</td>\n",
       "      <td>0.607882</td>\n",
       "      <td>0.014428</td>\n",
       "      <td>0.444590</td>\n",
       "      <td>-0.009278</td>\n",
       "      <td>0.231275</td>\n",
       "      <td>0.015438</td>\n",
       "      <td>0.999130</td>\n",
       "      <td>0.051966</td>\n",
       "      <td>0.006941</td>\n",
       "      <td>0.014281</td>\n",
       "      <td>-0.176963</td>\n",
       "    </tr>\n",
       "    <tr>\n",
       "      <th>atr</th>\n",
       "      <td>0.606602</td>\n",
       "      <td>0.614079</td>\n",
       "      <td>0.601440</td>\n",
       "      <td>0.607882</td>\n",
       "      <td>1.000000</td>\n",
       "      <td>0.054854</td>\n",
       "      <td>0.851217</td>\n",
       "      <td>0.008380</td>\n",
       "      <td>0.568686</td>\n",
       "      <td>0.055502</td>\n",
       "      <td>0.599793</td>\n",
       "      <td>0.185688</td>\n",
       "      <td>0.003732</td>\n",
       "      <td>0.102945</td>\n",
       "      <td>-0.332661</td>\n",
       "    </tr>\n",
       "    <tr>\n",
       "      <th>returns</th>\n",
       "      <td>-0.009976</td>\n",
       "      <td>0.002918</td>\n",
       "      <td>0.004025</td>\n",
       "      <td>0.014428</td>\n",
       "      <td>0.054854</td>\n",
       "      <td>1.000000</td>\n",
       "      <td>0.053855</td>\n",
       "      <td>-0.016200</td>\n",
       "      <td>-0.065306</td>\n",
       "      <td>0.990235</td>\n",
       "      <td>-0.007210</td>\n",
       "      <td>0.245982</td>\n",
       "      <td>-0.085693</td>\n",
       "      <td>-0.030521</td>\n",
       "      <td>0.004262</td>\n",
       "    </tr>\n",
       "    <tr>\n",
       "      <th>dynamic_range</th>\n",
       "      <td>0.443416</td>\n",
       "      <td>0.450120</td>\n",
       "      <td>0.438617</td>\n",
       "      <td>0.444590</td>\n",
       "      <td>0.851217</td>\n",
       "      <td>0.053855</td>\n",
       "      <td>1.000000</td>\n",
       "      <td>0.021989</td>\n",
       "      <td>0.524884</td>\n",
       "      <td>0.053563</td>\n",
       "      <td>0.438718</td>\n",
       "      <td>0.195153</td>\n",
       "      <td>-0.002905</td>\n",
       "      <td>0.089726</td>\n",
       "      <td>-0.196383</td>\n",
       "    </tr>\n",
       "    <tr>\n",
       "      <th>target</th>\n",
       "      <td>-0.008853</td>\n",
       "      <td>-0.008653</td>\n",
       "      <td>-0.009249</td>\n",
       "      <td>-0.009278</td>\n",
       "      <td>0.008380</td>\n",
       "      <td>-0.016200</td>\n",
       "      <td>0.021989</td>\n",
       "      <td>1.000000</td>\n",
       "      <td>0.021340</td>\n",
       "      <td>-0.017817</td>\n",
       "      <td>-0.008568</td>\n",
       "      <td>-0.009784</td>\n",
       "      <td>-0.011293</td>\n",
       "      <td>-0.009355</td>\n",
       "      <td>0.010979</td>\n",
       "    </tr>\n",
       "    <tr>\n",
       "      <th>range_pct</th>\n",
       "      <td>0.232768</td>\n",
       "      <td>0.244924</td>\n",
       "      <td>0.219407</td>\n",
       "      <td>0.231275</td>\n",
       "      <td>0.568686</td>\n",
       "      <td>-0.065306</td>\n",
       "      <td>0.524884</td>\n",
       "      <td>0.021340</td>\n",
       "      <td>1.000000</td>\n",
       "      <td>-0.063018</td>\n",
       "      <td>0.232000</td>\n",
       "      <td>0.021976</td>\n",
       "      <td>0.017836</td>\n",
       "      <td>-0.017221</td>\n",
       "      <td>-0.168180</td>\n",
       "    </tr>\n",
       "    <tr>\n",
       "      <th>body_pct</th>\n",
       "      <td>-0.009194</td>\n",
       "      <td>0.003892</td>\n",
       "      <td>0.004947</td>\n",
       "      <td>0.015438</td>\n",
       "      <td>0.055502</td>\n",
       "      <td>0.990235</td>\n",
       "      <td>0.053563</td>\n",
       "      <td>-0.017817</td>\n",
       "      <td>-0.063018</td>\n",
       "      <td>1.000000</td>\n",
       "      <td>-0.006090</td>\n",
       "      <td>0.240397</td>\n",
       "      <td>0.054038</td>\n",
       "      <td>-0.024537</td>\n",
       "      <td>0.004987</td>\n",
       "    </tr>\n",
       "    <tr>\n",
       "      <th>sma_10</th>\n",
       "      <td>0.999370</td>\n",
       "      <td>0.999167</td>\n",
       "      <td>0.999186</td>\n",
       "      <td>0.999130</td>\n",
       "      <td>0.599793</td>\n",
       "      <td>-0.007210</td>\n",
       "      <td>0.438718</td>\n",
       "      <td>-0.008568</td>\n",
       "      <td>0.232000</td>\n",
       "      <td>-0.006090</td>\n",
       "      <td>1.000000</td>\n",
       "      <td>0.027436</td>\n",
       "      <td>0.008066</td>\n",
       "      <td>-0.004299</td>\n",
       "      <td>-0.175968</td>\n",
       "    </tr>\n",
       "    <tr>\n",
       "      <th>rsi</th>\n",
       "      <td>0.046154</td>\n",
       "      <td>0.050159</td>\n",
       "      <td>0.049668</td>\n",
       "      <td>0.051966</td>\n",
       "      <td>0.185688</td>\n",
       "      <td>0.245982</td>\n",
       "      <td>0.195153</td>\n",
       "      <td>-0.009784</td>\n",
       "      <td>0.021976</td>\n",
       "      <td>0.240397</td>\n",
       "      <td>0.027436</td>\n",
       "      <td>1.000000</td>\n",
       "      <td>-0.043808</td>\n",
       "      <td>0.226769</td>\n",
       "      <td>-0.080401</td>\n",
       "    </tr>\n",
       "    <tr>\n",
       "      <th>rev</th>\n",
       "      <td>0.005693</td>\n",
       "      <td>0.006859</td>\n",
       "      <td>0.006466</td>\n",
       "      <td>0.006941</td>\n",
       "      <td>0.003732</td>\n",
       "      <td>-0.085693</td>\n",
       "      <td>-0.002905</td>\n",
       "      <td>-0.011293</td>\n",
       "      <td>0.017836</td>\n",
       "      <td>0.054038</td>\n",
       "      <td>0.008066</td>\n",
       "      <td>-0.043808</td>\n",
       "      <td>1.000000</td>\n",
       "      <td>0.043287</td>\n",
       "      <td>0.005142</td>\n",
       "    </tr>\n",
       "    <tr>\n",
       "      <th>mom</th>\n",
       "      <td>0.014786</td>\n",
       "      <td>0.014957</td>\n",
       "      <td>0.015309</td>\n",
       "      <td>0.014281</td>\n",
       "      <td>0.102945</td>\n",
       "      <td>-0.030521</td>\n",
       "      <td>0.089726</td>\n",
       "      <td>-0.009355</td>\n",
       "      <td>-0.017221</td>\n",
       "      <td>-0.024537</td>\n",
       "      <td>-0.004299</td>\n",
       "      <td>0.226769</td>\n",
       "      <td>0.043287</td>\n",
       "      <td>1.000000</td>\n",
       "      <td>-0.000366</td>\n",
       "    </tr>\n",
       "    <tr>\n",
       "      <th>SMA_delta</th>\n",
       "      <td>-0.177169</td>\n",
       "      <td>-0.179543</td>\n",
       "      <td>-0.175225</td>\n",
       "      <td>-0.176963</td>\n",
       "      <td>-0.332661</td>\n",
       "      <td>0.004262</td>\n",
       "      <td>-0.196383</td>\n",
       "      <td>0.010979</td>\n",
       "      <td>-0.168180</td>\n",
       "      <td>0.004987</td>\n",
       "      <td>-0.175968</td>\n",
       "      <td>-0.080401</td>\n",
       "      <td>0.005142</td>\n",
       "      <td>-0.000366</td>\n",
       "      <td>1.000000</td>\n",
       "    </tr>\n",
       "  </tbody>\n",
       "</table>\n",
       "</div>"
      ],
      "text/plain": [
       "                   open      high       low     close       atr   returns  \\\n",
       "open           1.000000  0.999793  0.999785  0.999684  0.606602 -0.009976   \n",
       "high           0.999793  1.000000  0.999637  0.999812  0.614079  0.002918   \n",
       "low            0.999785  0.999637  1.000000  0.999831  0.601440  0.004025   \n",
       "close          0.999684  0.999812  0.999831  1.000000  0.607882  0.014428   \n",
       "atr            0.606602  0.614079  0.601440  0.607882  1.000000  0.054854   \n",
       "returns       -0.009976  0.002918  0.004025  0.014428  0.054854  1.000000   \n",
       "dynamic_range  0.443416  0.450120  0.438617  0.444590  0.851217  0.053855   \n",
       "target        -0.008853 -0.008653 -0.009249 -0.009278  0.008380 -0.016200   \n",
       "range_pct      0.232768  0.244924  0.219407  0.231275  0.568686 -0.065306   \n",
       "body_pct      -0.009194  0.003892  0.004947  0.015438  0.055502  0.990235   \n",
       "sma_10         0.999370  0.999167  0.999186  0.999130  0.599793 -0.007210   \n",
       "rsi            0.046154  0.050159  0.049668  0.051966  0.185688  0.245982   \n",
       "rev            0.005693  0.006859  0.006466  0.006941  0.003732 -0.085693   \n",
       "mom            0.014786  0.014957  0.015309  0.014281  0.102945 -0.030521   \n",
       "SMA_delta     -0.177169 -0.179543 -0.175225 -0.176963 -0.332661  0.004262   \n",
       "\n",
       "               dynamic_range    target  range_pct  body_pct    sma_10  \\\n",
       "open                0.443416 -0.008853   0.232768 -0.009194  0.999370   \n",
       "high                0.450120 -0.008653   0.244924  0.003892  0.999167   \n",
       "low                 0.438617 -0.009249   0.219407  0.004947  0.999186   \n",
       "close               0.444590 -0.009278   0.231275  0.015438  0.999130   \n",
       "atr                 0.851217  0.008380   0.568686  0.055502  0.599793   \n",
       "returns             0.053855 -0.016200  -0.065306  0.990235 -0.007210   \n",
       "dynamic_range       1.000000  0.021989   0.524884  0.053563  0.438718   \n",
       "target              0.021989  1.000000   0.021340 -0.017817 -0.008568   \n",
       "range_pct           0.524884  0.021340   1.000000 -0.063018  0.232000   \n",
       "body_pct            0.053563 -0.017817  -0.063018  1.000000 -0.006090   \n",
       "sma_10              0.438718 -0.008568   0.232000 -0.006090  1.000000   \n",
       "rsi                 0.195153 -0.009784   0.021976  0.240397  0.027436   \n",
       "rev                -0.002905 -0.011293   0.017836  0.054038  0.008066   \n",
       "mom                 0.089726 -0.009355  -0.017221 -0.024537 -0.004299   \n",
       "SMA_delta          -0.196383  0.010979  -0.168180  0.004987 -0.175968   \n",
       "\n",
       "                    rsi       rev       mom  SMA_delta  \n",
       "open           0.046154  0.005693  0.014786  -0.177169  \n",
       "high           0.050159  0.006859  0.014957  -0.179543  \n",
       "low            0.049668  0.006466  0.015309  -0.175225  \n",
       "close          0.051966  0.006941  0.014281  -0.176963  \n",
       "atr            0.185688  0.003732  0.102945  -0.332661  \n",
       "returns        0.245982 -0.085693 -0.030521   0.004262  \n",
       "dynamic_range  0.195153 -0.002905  0.089726  -0.196383  \n",
       "target        -0.009784 -0.011293 -0.009355   0.010979  \n",
       "range_pct      0.021976  0.017836 -0.017221  -0.168180  \n",
       "body_pct       0.240397  0.054038 -0.024537   0.004987  \n",
       "sma_10         0.027436  0.008066 -0.004299  -0.175968  \n",
       "rsi            1.000000 -0.043808  0.226769  -0.080401  \n",
       "rev           -0.043808  1.000000  0.043287   0.005142  \n",
       "mom            0.226769  0.043287  1.000000  -0.000366  \n",
       "SMA_delta     -0.080401  0.005142 -0.000366   1.000000  "
      ]
     },
     "execution_count": 6,
     "metadata": {},
     "output_type": "execute_result"
    }
   ],
   "source": [
    "# Рассчитываем корреляции между индикаторами\n",
    "correlation_matrix = prepared_df.corr()\n",
    "correlation_matrix"
   ]
  },
  {
   "cell_type": "code",
   "execution_count": null,
   "id": "0e1b5b50-1997-4aa6-b1a8-f3258a7a2eff",
   "metadata": {},
   "outputs": [],
   "source": []
  }
 ],
 "metadata": {
  "kernelspec": {
   "display_name": "Python 3 (ipykernel)",
   "language": "python",
   "name": "python3"
  },
  "language_info": {
   "codemirror_mode": {
    "name": "ipython",
    "version": 3
   },
   "file_extension": ".py",
   "mimetype": "text/x-python",
   "name": "python",
   "nbconvert_exporter": "python",
   "pygments_lexer": "ipython3",
   "version": "3.11.5"
  }
 },
 "nbformat": 4,
 "nbformat_minor": 5
}
